5511
7598
2316
3401
7242
2849
3482
2567
4338
1445
5403
10175
194
1550
1400
2518
12446
1679
4684
1495
1931
2215
286
2197
248
1185
6490
10645
2830
689
263
2409
6231
3480
5043
2391
3181
3803
7938
377
645
659
943
5796
711
2308
4951
5379
500
2571
2340
3759
2275
586
6407
171
2380
2274
11204
2751
2073
495
104
2428
870
476
3542
938
1893
3811
524
3326
11975
4027
1246
4080
1892
8400
8724
22173
3339
1623
2720
429
1594
2242
2571
2929
5029
1343
6937
15476
8574
332
206
4629
1233
25979
927
1022
1660
659
1590
1033
2318
1809
1939
7024
6822
722
1058
568
10513
961
7462
559
1402
203
756
832
2680
3766
463
618
860
1342
1016
874
1992
874
551
1204
972
3111
2448
604
4171
3002
1237
949
6220
1345
5161
1345
4248
310
483
637
15025
1156
1407
350
651
10719
2662
3005
3048
1055
8574
35054
1315
782
2216
7163
966
1606
1287
1803
6913
1815
380
7894
3315
848
753
3056
1356
1667
436
4810
1389
2246
3568
3838
2489
8093
3526
2955
13388
4323
2125
1960
3176
4776
3881
2452
1168
3464
1842
2071
2514
2470
449
962
1900
1246
1220
509
9627
3420
4477
6978
3459
2483
3321
1978
258
7282
1915
2428
4053
1688
1007
3340
2072
341
787
21570
3727
4260
1635
1450
3197
2841
1284
2121
9489
11052
2801
3332
10447
3106
618
4104
6172
6786
4350
6785
6494
5412
2314
1277
323
785
2659
2693
2272
622
2443
1041
2910
1130
2553
1470
1083
5907
716
1930
3339
2976
2949
2846
2959
7280
574
3556
3538
2959
4318
4523
18175
2649
8536
3141
2612
2594
2524
2612
741
2164
2717
3247
3745
3688
1577
479
3318
1033
1353
4865
8450
784
194
2485
2239
2365
908
6175
872
1436
4797
2965
3081
364
3531
5071
335
1431
1525
541
501
1842
1304
2388
4267
9266
1935
326
387
1066
12524
326
1130
6078
4202
761
2988
5114
3669
3244
3315
2821
3694
5939
6336
339
8433
2685
4023
5526
2403
1248
1380
4781
1944
866
2036
1717
2082
1229
698
3035
4337
1474
1266
308
329
6781
4536
626
6294
3382
682
1281
1891
3057
1364
17677
7839
2907
916
4390
4618
1078
15282
3223
2369
7906
7633
575
2377
971
1407
4623
2217
224
626
653
1426
2520
3579
3828
1423
5922
866
4730
8092
6686
3146
3601
11810
5672
3378
877
5453
3839
2118
4694
2246
1573
10458
4793
5812
12499
1061
398
233
6836
5578
2487
509
60157
1583
2364
9984
2794
452
1659
3807
4387
14517
2241
6212
6172
522
2194
239
6664
7650
7216
10872
338
2840
1529
1595
4537
4237
5026
1870
642
633
359
2570
2990
17568
4960
842
1209
3480
1540
2710
4685
3853
1232
1573
2050
581
765
1183
5051
5425
4294
3190
1390
2630
1814
344
1406
2808
5696
6416
3366
3825
1599
2589
7627
4679
1757
1044
997
15708
2052
15477
2417
2180
8719
4075
837
1134
4517
1485
1520
2614
2793
1952
1941
1953
299
1745
1323
6571
1228
1642
3159
24784
1954
4662
2970
11642
2886
3549
2920
15952
1785
2215
2077
3219
922
1419
5241
7383
2791
7175
3247
15395
6274
979
1134
752
3052
807
1948
1809
6836
1127
3726
7708
2578
4416
4471
383
2454
4844
4648
658
808
5282
3171
4583
3066
323
902
1278
1801
329
2625
3678
5456
1110
793
698
697
5322
2353
1640
416
7798
1001
4067
3444
1909
1626
292
3568
833
3407
329
1320
752
1395
1388
1204
986
161
2175
535
332
1052
1232
1185
537
3387
3362
2613
356
1298
9106
3957
5350
239
5029
239
5594
2439
779
2334
1065
3523
645
2961
2345
593
321
4589
326
2534
1517
7370
619
4643
1326
9836
3530
3314
3764
333
1343
2262
239
239
239
233
239
360
8352
431
3686
1857
3970
1283
405
444
313
1586
9404
6270
9837
10576
951
1048
365
1788
720
9890
2283
1006
3297
19744
3238
379
3452
411
667
646
3471
5969
18610
1477
191
413
2064
513
284
4727
513
518
710
1607
15724
6440
723
475
2998
3444
7377
1582
680
9982
2087
995
2188
392
311
4100
2807
3879
3992
2660
521
9408
2916
3393
361
431
3054
1195
3855
1668
1743
6094
8814
2485
1650
1978
6042
2789
1910
1928
2591
1532
14327
2812
1607
3306
4408
8705
861
1608
1608
2921
1556
3121
512
584
1157
3784
694
899
419
703
1076
734
302
770
1022
1729
818
447
1050
1679
311
1003
1654
914
761
653
767
587
3035
359
744
2955
1976
161
12081
3343
4570
5347
1285
375
2672
2938
272
149
1382
5815
5441
12033
9099
1113
4267
415
1765
824
2094
731
824
3280
618
1916
1553
3275
5521
34330
441
2089
1998
990
2726
877
412
15283
1770
1262
1770
1770
2601
9467
6820
868
1365
11592
161
3175
19865
431
1841
3320
203
320
3526
1502
1319
2220
1970
580
11111
1694
2444
2522
2295
2669
893
407
1600
1600
8769
2718
503
504
1254
1515
7397
878
1744
2132
2886
5970
5707
3020
1073
538
3531
17671
560
4976
16359
615
1741
1222
8251
1304
10266
2033
1986
2716
519
2970
1804
6617
6398
1826
5343
3741
1850
7579
5433
1902
1618
344
2503
4841
1163
1697
1221
1164
3970
1026
3145
1736
1523
2790
793
2581
4017
3609
2176
573
1756
4446
1697
4607
5538
2872
1397
1106
649
7779
3028
2559
1542
482
1408
464
155
1985
4800
4345
3027
8755
3454
2199
2739
1314
3646
1291
4395
2380
1801
1112
4875
5846
1741
4558
5530
4563
973
4530
5474
672
3788
1118
904
3476
2460
2697
6384
1092
3133
14982
8812
4677
7119
13341
4311
1237
11331
3101
3079
774
1974
293
6644
2694
7446
8576
821
821
3770
206
24369
4308
2774
1174
893
4480
4920
311
2032
2813
7292
2452
2828
398
845
845
753
3683
2258
4740
475
5338
8168
3100
3586
478
983
3745
3106
7381
6426
4641
10197
4670
4626
4541
4582
4109
775
8439
22956
9922
1283
1744
3163
4034
1359
4649
1770
3312
4586
4607
419
275
2124
1932
2945
2392
2625
6928
599
3989
2325
3979
5421
4152
2300
10616
1147
1815
1816
875
1203
1488
694
2513
2561
1654
2899
2822
1344
1008
2548
1408
1848
566
2157
1856
950
6890
2568
2629
2708
983
1534
1219
5046
1882
1676
1484
6614
2328
2278
3881
1128
457
5088
5795
7694
5660
1085
2238
3069
1308
1609
1487
3876
1936
1838
10170
2535
2110
2013
2468
1366
800
761
416
2447
12635
3512
3262
1195
2379
1958
1173
5827
1150
1781
14925
1840
4891
2004
933
3660
2464
1240
3143
2571
4335
4515
1787
4490
2842
5541
2886
854
6078
2369
6104
5256
14811
3777
2658
10320
2793
2396
1103
2203
1745
1619
2518
2158
1060
919
7091
1664
614
1319
899
2403
2071
8142
2476
3799
8372
2298
1508
890
1841
2025
2392
929
4412
1207
2080
1455
3011
3486
2666
4281
7272
8980
2807
3077
4889
1666
2480
5370
332
16189
1567
1544
1568
1274
2452
6287
580
1129
2087
10550
2333
2351
2432
799
569
4597
3338
2089
2253
2006
2210
8195
572
2835
2992
3207
2787
1773
2778
999
1087
6316
2257
6732
2147
360
497
1281
2899
2579
1308
2390
3099
12562
603
1871
4625
13886
251
701
8271
3268
16066
1807
1445
353
18023
2501
1681
958
3241
5960
188
2502
329
4577
2201
2458
1420
701
775
1040
994
3657
3504
896
2103
866
167
810
916
4686
2486
4078
1570
2044
1930
263
1380
850
3629
3650
16396
2029
23119
316
8408
1331
2169
4373
35484
3644
5680
7226
2357
4703
8006
1007
462
594
916
140
878
8469
28483
2365
652
1243
17089
1594
2723
470
1369
4690
11808
158
248
6240
1550
2426
6524
1718
6795
2093
2220
803
8978
3343
3999
5724
4060
1330
1779
4013
1635
4121
3733
6787
3754
4271
2537
3073
4614
2313
2911
4250
573
486
610
988
1111
1596
2015
473
525
1222
428
2001
10673
1810
649
2442
2509
765
3627
193
1768
227
10380
3245
614
430
381
1199
585
1465
936
557
556
948
482
3152
398
1481
631
431
651
1317
6010
6197
3143
8445
1742
2825
3001
5997
1772
790
569
807
514
814
778
1303
1963
3154
1523
3648
789
347
1496
1097
1371
677
7518
1625
1446
2857
6494
1644
776
611
878
944
683
2501
1346
4111
2289
4181
1890
1087
1231
10561
2885
2276
731
689
1613
356
1541
815
4159
712
1878
2030
1562
1773
416
1934
1820
800
3694
1790
1882
1609
508
8264
610
2252
3098
3835
323
215
362
1270
2453
401
1167
670
1386
1831
1045
695
1045
898
683
1449
1299
2078
3507
4256
3771
1005
2006
796
15708
809
668
2093
197
236
524
594
6989
779
545
1001
3086
796
5544
606
8341
6145
2621
493
2337
25255
2284
2405
2263
1824
3320
3811
827
7033
6239
300
275
3326
2972
1559
857
3092
3706
1096
5940
4736
175
2858
677
1590
952
179
787
1540
11833
1113
3016
5433
8022
1938
2189
2203
567
299
4204
1307
1635
352
2975
2455
528
4199
12859
341
1445
8524
241
510
1674
2006
1946
410
2413
3261
868
2005
905
476
4694
8625
22587
2326
2633
946
1235
4361
275
999
694
744
2605
5755
8278
6779
5382
5354
1473
3213
3233
3836
2761
628
1189
4592
3877
2015
3488
401
703
4816
470
958
495
6736
3761
615
3018
1543
630
749
1360
5721
1075
1716
334
626
2536
4758
992
3955
4375
2088
446
2196
1662
5313
2342
1823
1143
762
2199
3317
1764
966
2329
1740
3043
1969
4599
527
1739
9445
2322
1277
3536
1175
184
4540
1392
317
4147
3816
394
1126
1973
2174
437
1643
1507
1080
609
3141
2180
881
1122
3093
1515
455
437
437
883
2473
5351
1668
521
724
1536
1439
131
551
1483
1020
2222
329
299
620
4136
222
323
4204
2255
680
2984
1037
386
2133
5878
5299
1959
729
9399
871
2820
777
932
5801
1278
380
2935
1661
414
6314
2261
1591
346
3008
1903
1799
2561
2826
1475
584
1126
1355
10115
2055
4319
1703
879
4122
1309
4243
4414
7005
4969
1362
1691
5919
1938
2825
2934
1264
2030
2126
2889
10986
8369
1512
1670
6642
880
1735
929
4438
1867
4084
5152
4117
960
1220
9688
2354
1871
763
975
469
4436
1274
1941
9618
15533
677
4469
4331
3990
6447
1959
6343
2106
284
1585
4191
1259
1353
6420
279
621
664
3095
3043
2013
877
1615
2181
13052
1018
557
5197
5467
2831
392
4150
1338
1934
4175
1095
983
1047
917
3754
1513
1819
521
3747
3331
1601
1315
2400
4384
396
1135
13960
1374
13105
5526
4674
4827
2408
9261
3329
4137
1894
4074
3911
3727
3681
2397
3230
3587
3061
775
1741
872
1271
5776
567
3076
992
4252
3717
977
1471
6234
2288
9700
13037
447
3605
1246
6717
528
2947
2069
5675
1617
4384
923
1734
1562
1525
1840
603
3644
14996
2906
5621
640
128
299
6665
10428
2104
3759
1977
3677
214
4843
4647
496
4304
5537
1998
4831
5988
325
248
1773
2992
5300
7081
4829
571
1912
557
1464
3899
641
167
2714
495
402
413
245
449
3116
576
328
1305
5303
6779
5619
314
314
2431
2438
2392
715
934
353
1947
8479
4404
614
14544
622
4419
4946
3614
1498
1385
5380
6833
2084
323
2900
8013
740
831
1160
1169
5953
10202
9747
1179
2885
2323
7062
7225
968
716
331
3737
1515
2372
1115
5353
3337
3372
4416
3517
1512
881
9160
7423
7635
616
974
2709
3093
8606
131
2690
1000
3014
12799
2941
4110
1922
4259
1477
2548
553
1872
3575
3094
1234
2365
314
16135
1094
722
626
1345
13174
4137
4645
922
6248
2518
4957
1996
2518
3550
6720
2176
2518
3552
6718
2176
3509
1081
5176
1074
1832
1918
1678
8601
8664
8974
167
4106
2839
1940
2454
5233
2813
18056
628
4272
3491
2184
3980
3909
6054
3698
1637
392
2673
1298
4848
1193
3412
998
942
1343
3535
4162
1423
4147
1342
2504
3647
253
475
467
1041
312
5891
2216
9801
1943
2906
3489
11873
1856
4058
4715
2622
1735
1872
11905
3492
3581
8289
399
998
19859
5527
2634
209
326
1143
398
6703
1930
36326
5257
1944
269
1159
3150
2461
3127
602
3131
2612
1373
2489
3874
4954
1546
2441
2346
2698
6508
1070
884
1571
4025
3863
9999
1771
1623
2556
5186
2145
7150
3141
1958
146
2682
750
1385
1642
1053
4338
2078
10714
7473
1531
1482
1886
3818
3183
932
2508
2536
3518
8367
1058
5734
552
3864
2422
2148
845
630
864
1241
4090
2358
2400
3190
621
6058
3411
3560
5080
5814
1494
524
3068
2309
2741
9164
2064
1526
2005
1907
1351
717
827
640
566
1085
4022
1386
841
808
5650
5470
2154
2265
2757
1044
2043
3763
3841
3285
2446
2207
1440
682
4893
1239
3692
16367
1773
2411
2297
1415
3773
1280
2315
3225
4630
13209
747
5703
2770
1818
5153
1357
5532
5920
495
4709
1567
1462
2107
3486
1748
2940
2325
350
6752
1274
1268
1485
4720
3954
14948
3082
547
9520
41069
4952
814
1158
4869
1570
5123
497
4211
5921
3714
3887
3500
596
2001
660
7147
820
476
2029
2915
29819
4799
4762
4997
3482
3573
5237
2153
9778
7307
4803
13505
1703
8322
4980
2965
2958
2985
3682
2124
2702
2032
2003
2041
11109
784
566
1353
521
1793
3900
1833
1741
726
2195
7193
2436
4262
42742
1851
683
718
826
906
2970
3835
1027
6123
6715
4010
1203
4783
5475
653
15253
10568
277
1105
5262
2249
2012
45196
1527
1040
4888
2352
3890
1083
1689
11166
965
2030
900
1094
7654
9355
3251
2814
4118
2112
3536
270
2643
4995
3553
604
476
7487
13808
2185
3729
1117
710
1331
4392
1154
704
2340
3619
1055
2031
1041
958
2559
1164
627
984
1893
3587
2742
2287
17460
962
313
7317
7908
4781
3763
4063
3999
4472
9026
2587
559
1597
857
1165
625
685
750
2603
7203
763
4985
5318
2059
6208
11002
658
1999
2747
380
1855
753
7111
3417
3641
3378
9500
4374
1615
2144
3503
4852
4116
1001
686
3435
2823
1655
3308
4276
473
7644
1346
770
543
997
2003
617
1589
6801
364
18483
1442
10469
1575
1356
6847
359
9005
431
408
1236
499
6808
6886
2263
9014
2115
807
1363
4538
1200
2901
1270
3041
1089
1486
3861
1097
1013
881
2987
2846
1749
380
1134
8585
764
13369
15517
461
2231
6009
381
538
3594
1348
3222
6877
1657
1608
11299
752
3770
714
3837
19335
786
4319
26820
2003
1913
3329
3843
2511
10576
813
6554
1376
1409
1008
10250
1115
2268
702
540
679
1092
1201
610
886
1405
626
1518
1488
2356
395
1711
344
1066
2160
761
416
520
660
6948
976
3406
3667
362
2672
2720
1044
1895
4332
2236
404
2394
3246
1393
1398
1955
4902
329
536
2105
1487
331
581
2989
1468
474
365
772
5016
3397
927
2596
4365
5164
4963
1990
1933
579
2028
164
692
974
3565
1807
878
350
539
827
2274
473
104
308
2062
983
3768
1977
605
8766
755
1134
6107
708
98
670
738
245
1141
1504
110
629
1576
787
1188
950
4972
2521
1995
839
7067
332
816
900
458
1836
6615
4074
1526
1070
152
2104
5338
7874
1863
2090
1784
403
8364
410
1879
2080
4080
6703
1521
1522
5855
7888
4935
2368
1278
1271
2524
5812
2172
2032
422
485
627
4302
1994
2080
587
695
1596
1013
4989
3619
313
2546
5572
4275
4354
1196
2270
1586
3116
6911
2449
2332
4027
697
311
723
1986
1158
2616
1756
2365
1031
2499
3192
2123
626
2042
5164
680
2017
275
7825
868
2244
1594
642
3448
524
6226
3693
1008
2293
2801
433
1015
2659
4450
2192
1858
2396
2318
1247
2360
152
2239
1623
4433
3599
3516
3594
2704
1493
3917
3959
5615
2279
1303
2021
2140
2079
1928
1276
1736
3629
4372
3525
1304
3193
2548
7750
1095
1730
2651
1020
1963
2063
1308
881
761
410
2590
7077
2562
3188
1623
2573
8067
6716
2092
3482
3846
950
2617
5049
2175
1814
698
6986
3070
3800
2521
3242
4687
7600
4369
704
545
5258
1773
2614
4640
2894
4288
1527
3847
2950
3701
314
2053
5412
2073
6679
3556
9431
849
4196
982
257
3213
5044
2391
1309
752
2506
4247
7881
14939
805
1239
1148
3297
863
1457
1244
1457
1457
401
1774
1774
1774
1774
4532
3973
6295
5804
4970
4668
7944
485
4430
3605
6998
1426
4239
695
656
3883
722
945
9739
3365
3250
1154
3425
4273
3457
2044
4068
8793
4958
2230
2182
1307
1464
1826
4074
5916
2222
4203
1925
3916
3269
1272
10163
2444
4267
3145
971
3293
3224
14021
4038
4279
4377
5237
1495
3185
878
3409
1630
3524
3338
1412
3603
12301
6602
876
3938
4279
3485
311
4099
6077
1896
5791
924
5689
6341
2453
936
285
1537
615
1291
532
1375
6686
682
602
910
270
708
1103
521
588
4631
5668
5586
2155
13678
4881
5598
8354
2602
3667
1368
1887
22576
3091
1274
6747
2008
2666
6073
4460
3989
4565
2810
9014
5011
2672
8072
2386
5329
4394
1439
675
7164
4399
4701
1310
3517
2617
3316
2321
267
1070
317
329
574
818
7931
2828
4379
820
11216
2642
2641
8868
9226
8925
4791
5865
2557
1705
496
11360
3428
4568
3286
6070
2992
8014
7553
734
3771
2453
936
4144
937
3410
4580
2563
2072
368
937
3302
4648
3728
3035
2438
2661
3595
1192
13289
4089
1017
3569
1307
8945
3480
8162
4955
1786
1028
1214
2144
1707
700
2850
4242
3987
2056
5869
1263
8316
401
2516
335
5033
1424
3878
2652
2991
5048
4966
5942
7553
2051
1099
762
580
1681
1310
1976
2001
6769
8526
1469
1746
1192
2014
909
482
6417
2038
1017
2079
1993
5748
1210
4470
1541
9443
1213
605
644
5484
3749
629
10636
8984
3543
4285
1108
1915
2333
605
1371
605
4158
4201
356
1227
2645
3535
1143
242
2039
3168
5085
1934
5334
2657
7365
2227
1890
2075
533
230
3004
903
1499
2398
1601
6555
1563
2238
4331
1633
487
3560
6140
3996
1244
1327
1339
1398
6581
1500
1376
1865
1295
1430
1309
1054
1296
1426
1306
1870
1321
1416
2392
2624
2327
2249
2440
917
3066
5403
2060
2970
3530
3519
3553
401
19703
2879
4931
272
1145
434
2012
299
2642
4795
3415
3551
3782
3787
707
527
7972
7226
3698
3441
2926
1004
14627
4248
4218
280
3873
6767
2983
1851
2586
2879
5137
2429
3503
4603
6063
2849
4837
3418
2064
3551
3782
4565
8505
4463
2650
2921
624
1999
1502
1987
1227
637
850
438
419
575
434
1874
4579
5323
1257
7486
1926
2012
9216
1501
1675
1743
1742
3864
3210
1847
2832
2905
458
316
4589
2402
425
271
2164
2807
1101
1920
492
329
10192
1860
3221
2072
4553
326
2406
3898
3922
1696
7431
5624
1955
2816
3420
1828
1179
508
2462
2558
706
7479
4380
5249
1080
350
901
1529
104
922
2223
5759
779
16031
1414
476
4482
4337
413
3423
6769
344
2539
666
2245
861
1724
3528
1516
2526
2154
291
915
1308
6142
3657
4609
2939
3596
1667
2351
1857
14174
2879
8280
1667
1848
2598
3952
754
2468
2885
2119
2336
1667
1609
2176
1520
2432
1687
719
648
881
1456
1389
799
875
743
908
2503
2971
2844
242
13512
643
2832
3110
2423
5882
2513
485
1531
654
3295
2265
1080
331
9452
1642
2386
331
1071
800
1300
1071
10412
817
1977
2515
2058
10483
1772
2618
3713
784
522
6128
3215
6418
3130
1619
3998
3277
3479
3764
656
4467
665
5066
3770
1212
1191
9928
2501
7737
2635
3511
6231
3837
2881
1517
1910
3636
1911
15329
1776
1972
1526
1438
2215
1019
3790
1212
1306
1957
2735
2988
11303
3439
340
248
530
1108
1509
1150
410
3498
929
786
4474
620
4591
1148
660
11195
1859
1832
1819
957
942
2094
2317
10274
606
433
458
466
433
459
418
458
893
2361
515
536
4046
7773
191
1389
2073
3375
1472
1080
6310
2811
3616
1408
317
317
757
230
4402
344
1381
968
2935
4227
6465
634
4435
447
353
1381
3339
191
1338
3988
268
3373
2494
3941
308
976
831
1203
2009
522
531
1797
2377
1296
1083
533
581
3236
906
2511
9836
3980
2210
2348
8120
786
1018
5561
3803
656
467
182
903
3598
6667
3454
3607
3854
1112
2709
1417
1471
4665
2168
2738
6848
2027
2152
2220
2075
2039
495
1835
2907
776
8800
3682
4665
4203
2248
1993
3208
1708
2242
743
3894
7120
1448
1502
440
344
5616
721
1245
329
5821
3777
5982
473
2773
524
8473
1520
2791
4482
2434
10580
1473
4569
1579
855
1370
596
968
362
599
1373
1210
467
573
6801
2763
2795
275
608
360
5319
9071
403
8037
4222
797
1045
9187
1251
1548
3169
4459
833
16057
845
2457
462
1292
7553
3059
248
515
942
1557
482
4227
2759
653
3627
2899
464
248
2223
253
383
638
1635
308
303
330
230
4595
11899
672
812
1579
4904
1060
12101
680
424
2342
21355
2325
3577
4055
21107
1249
1520
2065
1184
10970
7041
839
1591
3169
323
2641
1272
2615
1684
1349
545
2468
1002
1184
4887
813
2881
1160
1657
2558
1392
1742
1172
3160
1158
1178
653
8811
605
22215
3543
1517
2622
3012
2233
851
9832
3909
288
1768
500
1535
1745
1246
167
423
6019
3383
1080
3179
1083
336
2448
1677
1107
1665
2098
314
467
332
491
1415
604
161
986
1508
245
1160
958
122
113
326
2135
1525
107
131
927
476
961
122
116
119
251
218
308
359
140
1292
1461
628
140
690
783
113
518
728
4811
8900
7051
323
3119
272
566
455
485
967
653
266
1508
986
161
828
355
566
787
739
3407
8322
985
3121
840
1238
1355
505
3255
7337
1798
1073
1546
1664
1266
1460
826
735
708
817
1630
1297
16410
5773
2049
2012
3103
937
1440
3663
1790
1564
1919
16070
780
912
1034
1388
3968
44908
912
765
764
8200
3530
567
350
1665
4718
491
518
10669
3763
2077
4539
4448
1744
3291
1860
3224
5662
2118
2279
505
364
11418
1934
2241
1098
635
1814
749
2042
706
12501
1502
1356
919
2344
5661
4909
2609
1634
641
428
1579
1781
1607
4003
414
3570
3628
2901
1149
19490
446
1549
1275
4063
4902
990
315
1582
1245
1443
4225
333
3182
5881
347
6712
290
4627
225
2921
440
314
603
8530
483
3092
1886
2121
859
3622
503
11986
6213
29560
316
221
1344
12700
3053
7004
1984
584
2100
11617
24558
1987
380
1917
37992
7502
383
504
717
356
1281
545
1003
275
879
3435
1354
908
4575
6573
4295
2864
9030
4617
4500
1843
4627
4299
2680
6776
173
5049
1928
395
6312
4547
838
15501
3793
2228
5152
4851
1303
1547
6574
6657
485
2189
1525
2688
829
329
438
228
1690
1050
1419
3343
6309
1017
1042
425
3362
3527
1094
3373
5285
3818
10997
4700
6577
3396
993
2185
332
2114
4160
1351
4923
2882
3230
1556
989
4221
259
1252
521
3574
1063
498
4299
4003
2657
1653
1870
2557
1025
1420
2426
400
1149
5839
1073
1851
1430
5363
1756
267
5570
3848
2833
744
2827
4392
1331
1086
749
2998
941
2984
2946
2910
518
985
893
1310
1705
1787
1823
332
716
1307
722
4748
6222
7509
573
11923
760
4121
857
4233
7205
316
1382
1319
469
1834
3852
1155
182
3744
5283
635
4065
3739
4019
1706
1765
1594
14076
2152
2510
1329
4081
4611
4500
2095
1322
1008
143
485
485
485
485
485
173
7321
1984
1519
1351
2723
2390
2721
4221
1546
641
4605
3844
6338
1621
978
656
915
917
9103
1192
3473
239
3304
2245
323
4551
1446
1775
674
569
254
1158
899
5597
2125
332
1951
1325
5415
2641
326
7673
4385
1707
2530
2076
2910
1799
6056
2356
3276
3013
1297
3227
3514
13437
359
7467
2810
2982
3954
3793
4792
4024
4051
3959
688
3065
873
755
694
4139
5917
1633
329
7817
3216
3959
4235
1447
1138
2707
10937
1562
1463
4379
1386
1793
906
7875
4527
5115
1515
3221
5200
6808
5466
6682
5967
5691
643
934
3728
252
11855
325
956
807
3374
241
4419
6205
3873
2185
2426
2319
10351
1141
1068
2113
5268
1595
3136
2054
1763
3652
1917
718
509
15623
809
913
332
1052
489
3154
573
497
344
15218
2286
1565
1110
371
745
4142
383
338
374
20402
233
1039
344
413
578
527
3538
1712
488
647
344
419
452
4664
688
4149
2018
3449
2994
617
1884
4025
3937
2474
680
5040
988
767
6817
4424
4153
3828
9799
4062
515
2956
3546
2869
11321
2284
3886
827
4403
1834
4159
2104
476
5252
2063
1880
3615
478
386
461
608
673
1908
1216
5421
3369
1740
6389
2626
2522
2792
2519
1934
3044
2608
1768
428
515
368
422
455
455
1077
500
500
485
500
500
395
1738
2620
826
1662
27950
16632
50226
5390
1234
3150
10330
1294
10673
12789
18230
631
7421
4215
366
761
2314
791
5705
560
3405
2069
4194
897
2805
4147
4081
1397
4570
3910
7380
864
2877
4652
3530
3563
1300
5462
12598
829
320
1352
6078
2373
904
901
6125
1339
1046
2859
1413
1658
146
1883
1496
1484
4077
3647
7660
1488
905
2196
1184
1265
5449
4623
395
325
500
408
2574
2685
1681
3691
5887
5945
853
2983
4036
3252
4626
7852
2406
917
24955
1968
6944
827
3230
2405
2324
690
353
2265
2219
5415
584
2591
3293
1259
11128
3126
6265
5080
476
314
2409
8027
33857
10817
4165
5148
2820
6779
5120
373
2317
1304
449
5904
852
1422
7496
344
1627
1464
1956
2287
2008
498
2027
782
7303
5259
861
7879
1128
1733
577
3602
16491
3934
469
466
466
477
4416
1586
317
2287
2774
469
569
593
544
590
353
547
545
3182
4198
2522
1427
1193
4126
3577
1991
1991
1961
2319
4977
1553
3413
4507
7684
451
311
7982
1901
1761
1334
5180
15311
692
20534
2640
1979
669
2122
783
2125
669
2118
669
2003
5735
1903
878
7626
3266
338
1548
3118
12092
1692
1767
1708
1005
2139
1005
2112
239
263
1304
5213
7021
1331
1331
5512
1682
2753
6482
6689
6357
1631
4154
2164
4385
1631
3621
6326
5128
2141
5812
6360
485
4158
1458
5316
1972
5337
3542
798
6218
2857
2646
9800
6104
611
2474
2619
730
1553
580
2797
14533
10326
1677
2708
3937
867
971
1314
4190
1459
1204
14978
5780
1480
1605
2753
7025
2749
4585
4632
10050
1352
935
4847
5230
223
3920
6048
4734
402
1951
937
2110
980
3798
1032
16159
2169
7289
7216
6232
4956
4935
2503
5123
740
1508
886
1890
3560
6830
3521
5062
380
962
657
2079
3386
9133
2712
9734
4131
12299
2851
1221
701
677
2947
787
422
4640
828
247
8867
961
5062
311
2179
5067
317
973
546
3372
5145
5895
2079
1536
2616
5292
2232
3539
716
4658
2374
1922
1193
476
4056
4835
458
1297
1095
1385
1376
1382
3826
1105
358
2896
1230
776
786
1587
2109
7374
2000
1920
2103
2027
4333
951
8790
6824
332
2328
2512
1958
3410
553
1785
1621
2036
7489
8542
1424
1229
17804
2583
4073
516
1212
1118
5044
7011
1236
2507
5449
4970
4433
2004
1852
2862
1472
1060
1252
1841
5509
4893
3294
7466
12627
3906
4011
20267
1346
1437
2205
6190
5380
3192
3277
6589
17683
503
10051
8468
963
2353
2573
17652
5420
2686
3612
2466
8187
1499
519
5439
2926
2427
2408
3615
941
628
899
888
826
1072
1116
1939
3388
612
1581
2882
6489
2245
1026
1209
593
1091
3336
2844
1629
3339
2436
3738
3810
13233
3345
1637
1130
2209
5996
3375
8459
887
3712
6842
6983
3608
3535
265
3224
3805
426
9859
12999
5094
3903
3186
2246
4085
371
1847
1947
318
1909
12962
1932
5757
1925
7022
2043
1051
706
4289
671
2644
375
1729
3295
974
1283
734
2463
1641
3306
5072
2007
1480
1149
1580
3715
5315
6354
516
724
1910
1477
1742
1457
881
3524
2087
2503
1317
1831
1540
2597
6483
1598
1837
2206
2315
2280
5793
4504
323
3046
5230
6225
323
1552
2462
10351
5794
10964
4486
6200
5249
7608
1101
7640
6755
4456
645
2016
1726
6822
4610
2150
1944
2150
4619
371
1912
3919
1237
2553
1452
3390
1436
1256
9235
3029
3324
5218
4146
2183
5691
4166
5220
5293
6096
2930
1734
1598
1444
437
841
7993
2830
2547
2517
14465
3834
2096
1118
4365
3701
4842
2966
2163
1274
999
1310
3726
2111
1514
1548
1856
6057
4449
4862
3765
1967
1189
5092
5285
6241
5645
1233
4510
3800
7936
1291
686
1811
329
1056
678
1419
2247
1570
3024
1740
5109
1285
3399
602
11857
2436
3495
4250
1420
1450
2879
2573
1799
2619
1382
1189
1547
393
705
340
2158
10000
268
7144
11071
2692
3493
2231
338
8782
3312
12103
833
12447
2014
335
632
579
576
651
2039
8321
2506
2225
5607
304
5179
2166
5036
2218
658
902
6600
1897
3495
2444
791
5614
1796
1381
1435
860
3689
1884
3350
668
1966
1125
568
2550
3790
5299
1477
461
2901
993
1013
3728
334
2758
1408
452
625
1214
718
791
191
362
898
752
604
658
608
869
516
1662
286
358
3438
2886
474
1439
474
4997
1597
4151
542
305
332
959
14456
13993
4688
8349
4646
32498
3765
2373
810
4488
2440
222
1117
9519
48328
577
5722
736
4484
2043
4463
987
2432
8330
40394
1409
1739
6987
8333
4371
8842
1727
1980
1404
1448
1117
1058
17276
1019
1619
1347
803
737
332
501
185
122
694
924
359
1204
2278
1623
203
2258
9476
316
239
406
8684
2993
1414
2700
514
546
4782
665
2919
2821
2284
368
5482
1911
3924
5126
2432
5262
6285
974
2649
1073
1091
6678
1456
3550
13388
5354
1446
1052
1404
1818
8227
3512
1610
3847
11308
3712
510
2305
4889
4419
3119
1892
1985
10993
830
1296
476
1561
449
3771
9313
1426
1064
2150
284
3237
3006
1065
1814
1127
5112
915
3240
1486
1064
2150
766
3239
1426
955
971
3725
524
811
1048
1044
822
1257
1067
725
740
284
278
284
278
284
275
284
13018
278
569
679
2986
2031
599
4982
1089
1283
1159
703
218
2125
1049
2317
1125
430
1194
3696
362
638
475
9228
9372
1405
1474
515
334
1547
4419
4820
1151
2751
423
2793
6692
2469
9303
931
599
2034
2431
3709
2568
395
5137
1838
6413
2372
1613
1167
11212
3437
1250
1448
3254
440
1760
4742
2115
2115
1764
2115
459
2391
2842
727
10520
1800
898
4348
835
1737
1933
2101
3039
8492
317
4290
1331
710
3428
195
552
13861
826
2607
5903
1490
2787
308
3541
2854
18415
305
5149
15056
771
1406
1707
458
10443
476
840
1289
4466
594
852
3580
513
2052
8923
5812
443
8818
1810
12175
9953
392
686
818
1333
673
2721
1469
340
308
1290
1754
2234
7096
2392
3040
355
4035
768
6380
1386
2263
1538
2861
633
958
855
1835
1914
2216
1489
1199
1185
356
1771
239
3421
2304
863
4342
1315
948
1630
4466
907
1641
368
5340
5667
614
17717
2329
5417
484
3985
1776
4619
742
6782
479
500
11501
3720
269
2625
3970
1537
21584
8195
920
8049
3509
29853
1327
3831
7181
4414
2376
4992
2267
990
1028
456
16143
287
2060
440
3513
4517
3090
488
1252
2480
2582
3373
35340
1247
4223
3389
551
4403
2095
2617
2842
5454
4635
12351
1072
4227
6502
11726
1027
8640
5568
8324
5450
1528
14857
9113
2051
469
548
6736
4996
1332
1586
640
1083
1471
2553
1747
2437
8597
2757
3254
2770
3289
2755
8503
2761
8571
2773
8570
2799
1178
1009
4522
8799
3085
2426
452
756
11323
1897
730
3710
818
1257
12957
1265
9613
1338
1927
884
3791
14539
2615
4687
3183
3725
1152
1652
2101
868
999
2480
4686
1385
2863
525
2760
4691
3427
1291
2304
1019
274
1508
1776
1719
294
1765
1759
1768
2406
7081
1295
3437
3655
4002
2036
6321
843
8879
14275
2652
1599
702
3906
3264
611
921
1184
1379
361
359
2540
1814
5508
7539
622
1707
21014
3119
2799
897
914
1354
3166
2171
696
1810
1042
1337
1108
13452
2050
2427
119
1803
1764
1760
2523
4390
7628
2864
2960
2290
429
611
2365
2713
9957
1016
1256
4025
2002
1762
6168
3413
3764
2037
2063
2567
2587
3226
740
12498
6160
508
656
10977
3345
3899
4859
2706
3601
3446
3317
3329
2975
3278
3129
8708
1656
4031
5057
1550
1812
266
2434
1462
3227
1953
6949
530
402
6949
2558
1850
193
1007
2803
1321
1277
1972
2313
2532
1206
3792
588
308
4069
2586
1835
969
1271
4290
2625
4020
2666
4054
2688
693
3264
1612
1070
3528
2748
4241
389
365
1153
1395
715
1539
523
739
4040
722
677
452
2176
2261
1502
2222
1865
3241
1636
7931
3687
2041
2102
2393
5680
3284
900
240
4793
1245
4144
2308
5971
2740
3721
2054
3790
652
1478
810
7671
2125
1841
1842
1875
5352
1084
1842
701
5106
3383
1647
1875
1608
4326
10809
319
1141
485
8644
1140
485
6432
434
473
538
800
9905
3949
2725
6259
5171
1084
5611
6810
3900
1454
4218
3966
1134
3332
1068
11563
507
928
2738
3998
410
1936
992
4253
932
1982
932
113
692
5451
5327
1755
4011
557
563
563
1473
760
7881
576
562
1867
3645
3362
3504
4397
3807
1189
4757
5840
18103
1121
2924
2957
3245
1087
473
4715
4953
3002
3852
42585
1474
35417
2826
2903
1447
876
611
2635
2085
1304
1431
22772
3787
4912
113
5040
2845
5952
9513
21206
2606
1843
5616
14331
3535
583
2966
571
4138
2440
422
2151
492
2105
2477
1074
3379
1918
808
1588
3905
469
386
453
3126
1065
1627
299
2449
705
1821
649
1342
906
4330
593
575
1352
4604
6325
2716
3998
5002
628
5041
4081
4301
5712
2027
2527
4445
926
2655
1553
7102
2295
455
780
22001
1829
9241
2500
2434
802
3360
299
4421
2486
4652
2814
15141
1484
16530
2612
13062
710
3170
833
579
887
2793
2213
1793
2014
1209
6518
2261
446
2638
2642
446
1157
1261
4150
503
491
1070
194
673
6289
5191
209
15922
341
958
12869
17677
15109
13387
2291
2423
986
161
1991
1196
332
1052
1117
2238
1134
28375
4166
4501
3544
578
8266
1304
2871
1034
581
289
329
416
10806
4526
3876
3529
604
12035
974
2538
149
3055
2314
5702
1418
613
2406
363
1193
3008
7188
2060
2695
2609
2609
3242
3155
847
1571
837
1030
12551
601
482
888
31591
16143
3240
474
5845
1304
5993
14464
317
8289
11916
315
3159
1138
4260
2153
1864
688
1761
428
680
4176
2506
3123
756
1083
1023
2258
437
1360
7830
1299
2994
2256
8768
3256
223
2117
1833
702
1582
8119
2142
1150
20055
1372
8326
19799
644
3633
4763
2259
2259
13373
2147
13033
603
15076
2189
4257
1568
2529
2576
641
1259
3068
1783
912
1347
1039
686
4283
3813
920
5352
3956
5758
2769
2160
6629
233
709
10069
1488
25170
11877
16698
4523
14813
12462
1696
2999
1511
2566
2199
8060
868
4360
1875
1008
369
472
1687
582
1030
5735
1991
2953
5799
3036
1878
1408
1467
8011
3511
4524
5088
6024
852
2062
1728
716
5993
18744
2029
3902
980
2593
756
2597
3684
2810
3355
2238
1959
901
4830
1799
1265
1748
686
1076
711
4087
2820
2518
3617
3158
641
1141
910
2537
1877
1912
1933
560
937
808
3368
674
1962
15802
4452
1140
1837
1713
1706
7053
1016
737
7561
19448
8094
2537
3430
10595
2045
4565
12399
3221
3082
1482
311
816
2215
3721
5220
741
411
759
2500
5768
3760
673
7653
841
1723
613
2986
2446
3442
5035
1460
2740
3818
3010
836
979
9559
3851
3250
1043
2411
687
2460
3618
3301
1499
1408
1991
743
3402
225
1995
2355
1919
6604
8015
5789
5869
3472
7780
10724
1954
647
916
1698
3994
1072
1784
6140
3155
1700
11048
3469
2311
2423
3449
3251
3318
2164
3639
3429
5170
3530
3419
5123
2219
2136
2084
14057
3163
1250
614
654
1900
600
651
3831
1784
4526
940
4834
2135
1007
595
2506
2538
11961
644
851
6549
2100
3481
4176
3155
1814
8141
6678
3396
1650
3695
8821
316
4856
866
332
4565
3781
11166
623
3672
2829
2505
4809
7621
1716
778
8107
7337
1560
1404
2114
1082
1525
6961
1743
3826
643
1208
1359
1337
1024
2778
2059
1058
538
4014
1630
4053
1748
2979
3163
8375
3080
3357
251
758
4978
4584
638
1607
7418
6569
6598
7800
917
7821
2616
5125
3152
1979
2292
8029
3571
3500
6031
434
2212
2607
5844
7845
1978
2186
2928
362
14940
3447
551
1209
1926
2352
2020
2169
3381
1216
283
267
1366
2996
2067
1524
683
8145
2867
14102
2786
1179
6628
3332
6790
2737
2104
3374
1112
4268
792
4077
3501
3333
3635
3640
4596
227
11098
11803
11634
3166
8727
4093
1036
2114
1298
4330
642
2745
1115
1496
1430
2139
7819
5271
2194
3783
29106
3296
3129
9286
5576
13452
488
3778
4963
783
7607
968
6489
411
1733
6592
5455
973
897
4035
2333
2586
2664
2855
2847
1298
2433
3795
4007
2345
8252
16534
7581
2059
6246
5001
5354
2742
3484
2623
5451
2425
1811
3052
1032
3157
1325
358
1174
5272
3842
8512
4427
7204
2647
627
11163
1010
14843
935
980
3082
874
22011
1139
401
3795
13086
354
1426
1300
5250
7046
7275
9532
3618
908
6121
7768
818
1695
7191
590
4809
460
23234
2716
2217
764
8161
1142
1292
12862
6204
5337
10540
2746
446
1243
1868
3626
1078
653
385
4519
495
684
7713
692
385
386
2354
416
1454
1356
1740
1273
1892
2973
2260
878
9359
1927
3169
2899
1301
950
787
4388
6228
547
5724
6274
1856
707
7421
3262
10520
3361
1959
3522
5117
2192
4477
16590
2285
596
4815
3645
3831
2233
955
302
530
13128
1613
13944
77528
2812
4096
12319
2210
21286
3277
17544
3381
995
1139
15422
15585
2021
479
338
587
2785
6035
1434
315
338
811
15399
1347
1622
2036
2195
5161
317
317
3050
5147
1472
1188
1083
1117
1148
3114
314
669
983
1921
4378
2032
530
2382
1012
2098
1613
4217
2024
2024
140
3221
3487
365
622
2625
2082
416
964
1551
1978
764
2959
359
1146
1572
1044
4118
1056
7699
2952
3425
5357
1533
2602
9435
149
170
1175
2269
1466
5156
1117
164
4343
1306
5095
3506
659
368
143
1751
4919
1211
3322
1480
1432
557
1560
1870
1809
976
2065
905
4255
1208
868
2409
491
459
518
349
5867
3946
2454
3924
8179
7272
4989
1424
441
533
1104
724
479
521
1764
6874
1104
2103
4953
3485
4270
5232
7397
3328
1644
7929
2333
5354
1164
2957
1723
2459
2559
9186
731
1330
5323
13032
2820
7527
1954
143
2475
10380
676
12703
12592
785
2334
785
767
272
1211
1059
3344
2817
3174
3589
6601
2478
5225
814
330
171
1381
330
171
2742
676
5985
5744
2139
8278
1461
513
515
4517
1357
376
560
809
852
7967
560
2597
1801
813
1174
1474
4561
305
6109
772
13959
344
509
5367
1042
2896
7757
8527
14910
3676
2525
2401
1109
407
431
185
3458
3452
6575
10092
529
6217
4151
1843
1107
1808
1681
1722
1737
1597
1190
1267
698
2332
533
4394
1496
8540
314
1380
2873
1124
2925
585
3118
1408
3234
957
4260
3815
12188
1499
2721
1893
4188
2318
773
1113
1468
2650
251
220
6179
134
329
875
3352
2598
1988
752
701
473
2921
3037
1452
1601
5095
3186
2644
2775
8921
1976
1730
2936
947
1612
6041
1014
2392
2354
2090
3572
789
1366
1088
1321
1865
1283
1809
1798
3151
616
1831
713
1125
1617
2178
1958
4030
1029
668
3284
854
3346
755
3518
3761
392
1573
1002
2003
8975
1029
1935
2035
12684
2407
652
1260
626
3186
2896
3713
974
7363
3712
2413
6184
3486
1730
1245
4925
4120
3870
5736
1994
840
3364
3904
3493
3911
6684
1900
573
182
2991
1062
12164
1622
396
455
2509
2453
1094
2566
2659
7767
9237
4319
2549
919
1588
721
853
353
5796
935
1582
602
434
434
2424
1967
3029
1819
5252
4833
5844
4029
371
8783
1064
1279
1121
8149
738
4709
2424
1832
3501
1430
902
110
6065
2064
571
2040
1480
4200
2284
579
493
4658
3277
4550
475
733
5308
1523
4252
8145
4921
3223
5865
9972
3867
11191
3179
200
1716
7791
5650
1475
5510
1373
1350
1509
9163
986
1996
3075
1277
866
3894
1948
6895
1425
962
1078
3499
4576
19076
830
3892
8033
5122
1633
4285
2920
6573
796
1373
1089
3002
6762
1305
5209
4462
3073
6589
4484
658
2007
5520
6735
19955
1239
3361
2749
2768
2387
2062
586
2203
1610
7287
2613
3959
1442
2721
1774
1308
1856
1681
811
2991
1456
746
1052
4176
292
6662
4147
3878
3089
4049
700
841
2205
1786
903
2521
1216
6011
4478
4058
2102
2464
3750
1504
1169
644
4139
1710
2311
2328
890
1423
4156
1094
2867
2192
281
457
402
4151
4286
4356
4291
2965
4280
4273
1125
1688
5127
3260
2113
2542
638
2288
664
11467
3236
1320
669
338
972
545
1590
3024
2569
2428
3676
290
1200
4569
1068
388
1542
2683
3549
260
422
1492
511
930
3951
1232
744
2552
1120
282
4078
1447
2740
2477
1078
926
3960
544
1856
3163
937
2629
10956
249
5188
1146
1501
1317
1544
1191
964
2165
3927
5840
8163
14123
1437
377
28041
877
5080
1168
4848
1209
3584
9085
876
218
1975
803
1386
9324
590
564
434
746
173
1303
1260
4474
1181
2477
4107
490
1782
303
897
2457
937
2105
2627
4112
5395
2586
2426
2447
1145
2896
1862
1761
8044
1091
355
1046
2748
1407
1018
3843
4477
323
1191
4368
2392
1583
1638
1471
308
1489
2970
473
473
12206
1678
6112
1848
1043
1017
2512
3147
3016
2864
1270
2796
2086
3552
1413
4011
6510
2422
21760
4973
1745
1589
1590
3579
1526
299
972
5684
2955
2251
2305
218
544
2159
777
1951
1762
15099
2639
2045
2149
2133
1086
11235
807
9812
1742
1742
2693
1741
3400
3140
2072
4225
11834
1412
1209
3170
11803
1024
4855
25210
29857
2111
3337
1303
8168
4936
2086
603
985
887
3966
870
2425
2513
751
10845
2162
806
435
10442
2349
571
432
533
1450
13309
1781
3559
5750
4685
2421
4172
1152
1113
6410
892
8688
7091
2094
2516
936
222
3109
2974
1870
2190
3668
11710
1036
520
3038
3037
1741
1435
1740
248
3300
1860
3014
1141
1812
1699
1924
1962
3143
13253
1964
5436
930
28662
4022
1929
796
12346
1355
1977
1355
1919
5672
1389
5689
1396
16292
734
320
320
8029
641
976
4067
1796
15303
637
2907
457
1101
1237
275
401
1143
574
1914
6450
1643
1183
11085
2646
1634
176
7618
1864
1864
2044
712
7660
1477
2086
1992
2676
648
909
2414
4307
3510
206
3319
545
788
1236
673
1705
697
661
801
2836
458
3184
486
694
11027
272
9056
2990
3625
3523
887
185
2916
318
701
17958
959
1356
679
2060
4064
3182
4820
11864
596
306
2052
10521
563
8443
6743
6745
2915
10766
641
3833
3972
1890
4792
9592
3142
2397
152
3627
344
4374
326
1653
2284
16688
542
707
4510
2843
2131
2270
1143
6640
1622
1155
1929
1739
3521
487
4608
1424
1630
3432
1808
3907
3642
2066
213
4460
6040
392
198
1510
27684
3966
30877
903
4208
6791
446
1127
2561
1604
2614
3279
465
359
368
625
581
5592
4609
3417
4578
2914
4258
700
2088
1015
1030
3745
2283
2104
2754
4769
694
2648
419
492
883
1216
314
592
479
3338
3735
1849
3209
5488
1921
1926
13946
1225
2788
2242
849
1324
2995
3415
482
825
1383
1556
1411
1937
3396
3104
11491
626
449
1367
4167
2272
392
326
6200
7904
608
7410
323
17453
608
7399
6028
335
1637
3299
3253
770
7465
3063
1626
1176
134
2477
299
254
2428
104
1815
1673
2379
1841
982
505
222
245
1256
1685
1109
2250
1709
299
1365
3868
1969
14676
2249
1299
1911
1918
8344
2503
2758
3658
1286
2330
1848
1310
1880
899
3146
9918
2239
1795
11871
2821
804
5768
758
756
751
766
3231
4318
3691
3767
604
7341
298
3315
2899
4709
2483
1008
9467
2796
1962
2455
2353
1400
2030
2030
4982
2480
1877
8328
15321
5514
7272
3483
2480
2356
320
1310
913
6422
308
13728
1974
979
8123
1179
2436
6431
225
1559
6431
225
582
803
2301
2360
3809
827
1337
1547
1297
5773
1876
10169
7454
1276
1698
3013
2853
6206
5499
322
11144
5074
10162
470
3892
6950
22515
18230
579
850
33531
877
969
886
17238
20550
2671
2152
4075
431
1832
350
1947
19887
497
1443
21101
1665
7898
2276
2178
974
2060
3559
2935
4170
2276
5054
2869
1487
1206
7894
1406
5369
1433
308
6024
2455
16774
6167
1102
542
12214
1428
659
2498
1450
4102
508
365
2249
4302
2712
1304
563
3173
4213
1897
2456
30643
380
4404
2106
5074
12509
6167
1520
9322
25936
1969
1070
1698
3260
31045
188
431
1984
1299
19157
2002
11674
19061
4554
1674
1594
39551
4342
5075
510
1772
3044
301
6421
392
28960
314
623
875
18169
2328
14589
2726
4216
25615
4587
773
1140
13152
2896
10053
2723
8301
785
3919
12972
1457
2638
2720
641
965
257
546
257
1565
752
4745
2523
2165
2504
3071
1012
1042
4962
10105
2405
2897
778
6848
4350
1046
17385
1683
1897
1869
353
839
1247
685
497
2385
1318
2218
1966
110
3711
1595
4037
832
605
4039
2681
20372
3813
2179
2278
527
2188
565
1159
1676
512
1125
1174
2674
3539
6366
134
858
3515
1353
1767
3720
1021
2203
2341
876
302
1304
4612
3751
3573
1914
283
3586
3624
3586
3650
3523
1741
7023
491
5593
1496
1071
4441
3381
755
6219
6071
6029
2636
332
5399
1931
949
669
326
3970
1044
1274
2488
3223
4458
436
2210
5542
2208
3222
7100
6505
2811
426
992
1681
2076
2692
5467
1131
3023
1586
1685
2467
7129
2438
3621
2428
2426
2059
1015
741
2166
8718
3785
1961
1414
1709
641
3913
2316
701
709
641
965
1975
242
1951
3984
3870
1166
1884
6174
5618
1883
6174
3132
14919
4554
3418
1889
5158
1569
281
4825
1254
779
1575
5670
281
10365
3583
3899
9478
2643
3379
2033
2875
1869
6854
1197
4489
4195
4227
6952
4223
16648
3491
3894
4889
1667
4604
224
304
2544
1870
1133
1227
407
11338
13980
6526
5817
1511
8663
4554
9637
4132
314
3720
347
338
3995
1413
2806
3882
5281
2674
1374
3589
4993
4422
4161
4431
5632
5515
1461
4006
6963
13784
741
272
5268
4192
4168
4194
4632
3765
4073
1333
2717
4249
3786
710
2072
4125
749
2871
13100
3996
21566
1033
356
3057
5027
1728
3128
508
617
3160
2026
3162
584
617
34273
1466
1800
1798
957
3465
11186
3935
2017
2550
1537
5939
9721
2056
2156
1941
1966
2423
1840
8348
11185
12590
4094
26741
1964
1593
4310
21113
1413
1299
2563
4913
5757
623
2505
2269
1865
1196
2768
895
3057
194
1092
958
3594
956
1835
13559
9247
518
1893
1892
1893
1893
1893
1292
2954
1710
1608
3743
344
3756
4041
417
257
706
3609
18146
1871
2943
11438
12758
11193
3351
2360
1288
488
3763
879
998
260
870
5028
1287
6460
687
719
3116
3745
974
4011
4273
2396
15855
21556
11534
1714
3134
339
584
365
926
844
19663
269
1513
1818
21837
948
2543
4500
1288
2064
677
4030
17442
311
915
3560
24180
3860
3966
7473
3193
632
446
1240
676
308
839
1738
866
1154
2929
1533
3331
1733
1532
943
158
4694
765
767
997
1840
9792
785
481
2280
1080
759
1393
1755
387
5150
476
385
2555
412
1147
411
3651
4862
17029
459
1304
2194
1318
3551
302
2287
2627
294
8588
4529
5142
3599
3136
741
1691
19147
886
5273
1164
6115
25775
2090
1448
5478
522
799
1863
3875
2417
4666
629
1891
3571
371
698
4043
1203
3843
284
544
3439
1304
3054
4125
1188
1105
12683
983
1553
2900
6564
3736
2129
4168
625
1403
1671
734
3706
3646
3394
1541
3761
1125
1472
8908
1218
336
1569
1820
1061
808
359
2284
809
2194
161
848
332
489
825
478
521
614
6868
983
2276
611
113
833
332
491
562
344
986
1508
245
1059
485
371
2869
6071
407
617
5229
1233
3699
8540
4146
4066
9199
846
1545
4409
329
1128
2720
15409
4188
967
980
1426
1571
3710
2016
985
614
4440
487
1497
508
646
482
509
354
1361
967
609
1061
1673
1091
772
708
2327
1938
3920
2095
39410
3297
569
938
8690
4906
1113
640
1655
365
1607
7630
25142
1048
380
698
110
269
4046
1363
245
110
923
476
3438
2232
13773
1065
2839
975
28184
17473
4537
4223
6480
7233
1160
5252
3450
1861
370
3177
5707
10803
831
1153
254
6958
2718
1658
1380
937
1786
5650
430
1454
1307
1147
6640
6730
950
2915
898
768
883
12193
425
2881
4068
1490
554
6667
3829
1378
3257
8755
401
9622
1522
8416
1356
1761
2649
7541
815
12437
922
13042
1989
1202
7251
1054
5856
104
865
473
1151
3129
587
2879
2641
4009
269
5791
839
304
8246
4087
693
722
540
837
3852
8677
1407
4062
533
3350
431
910
4158
6057
5834
3549
1334
586
4811
327
577
272
708
921
516
571
278
3631
1031
1114
443
1093
1431
835
415
1114
604
515
8986
1189
1081
851
924
1031
1824
4786
2058
4011
10375
2132
1883
1535
2192
2517
2186
1013
5207
3266
1386
1937
1415
3750
1838
339
4036
1406
3521
2405
3448
1804
3307
1409
1990
5057
720
4119
3674
1118
1243
1598
1769
1774
4388
1401
885
671
299
1612
1402
6310
1298
821
3286
1782
1569
2195
1776
495
1569
1569
3078
1494
416
1550
1852
1235
482
3543
1849
1852
3554
1848
3581
617
6326
4379
2938
395
6933
1238
663
11893
1561
875
5095
1979
321
4291
3178
4414
1446
2544
932
9339
344
2007
620
417
2904
2417
1197
2602
3058
2138
9709
3860
1045
308
329
10242
10304
5585
10518
6787
1298
1449
3475
2931
1447
1623
583
2211
3095
5783
422
3755
1730
4509
2454
322
607
4927
1328
613
662
540
5791
2927
2039
4301
6636
869
617
1347
716
6114
5582
953
618
1324
2123
1112
1476
701
1219
2141
2931
1402
3053
3433
488
308
7215
3827
4727
2239
986
4534
7334
7956
4422
520
3813
1645
3208
6308
4999
6253
17280
1626
641
638
6371
1571
3457
1489
2449
3328
1310
1034
386
386
3521
356
631
469
571
1957
7178
12756
2057
1022
2008
1234
1347
1463
634
579
628
552
848
1138
1244
13346
1699
3932
5796
227
697
2847
1310
2590
11538
8636
29334
1853
2140
2744
2622
3945
1740
2105
245
1596
443
1502
3982
513
4772
1026
95
347
6943
1878
2432
2050
1792
1961
4036
2374
1898
333
1020
371
1736
1859
4942
223
1859
407
338
1108
1749
4939
6980
326
3029
6197
3015
518
529
1580
11557
152
152
152
152
149
152
152
149
152
467
152
167
152
265
314
265
153
152
152
152
152
152
815
5300
9932
2170
2898
4237
5864
6821
513
5258
6645
2358
5664
3442
3248
3329
1847
1983
845
3078
3907
3820
2616
2424
318
3879
1390
827
749
284
257
272
278
272
278
257
1059
278
308
1112
3092
1167
6117
5113
627
1722
395
239
1466
248
563
3679
1597
3757
2797
1575
3040
1286
1244
523
567
579
570
553
563
4678
2211
1241
2829
3142
2793
2633
3528
590
878
2627
323
5489
6800
6089
6246
4812
708
624
536
475
3927
554
5913
3324
2605
863
2194
898
914
1293
3029
610
3183
3169
398
15583
560
16112
3889
2776
9877
2275
3740
314
17294
3082
1773
687
4953
4366
11728
5397
5251
2132
804
759
6588
2519
9267
719
2631
3470
3574
2116
2420
2006
689
1579
1082
3430
1852
1688
11453
7937
2703
1726
993
1676
1355
981
5195
4591
3514
4171
6606
8703
4294
590
2620
742
425
1733
1112
7951
4667
3123
11206
2824
1304
1696
4248
4160
1000
3462
3275
1949
1672
683
2691
1312
3437
4053
1277
2395
8326
2097
633
1379
11410
4751
5929
2501
4604
1253
448
663
1001
1647
312
131
107
1526
1169
560
1607
37483
12533
12099
3270
5407
7985
1837
3197
161
3964
1289
1289
842
5118
5778
1515
485
224
1081
1425
3171
4317
4222
1311
1778
659
538
1050
649
487
4862
2108
1190
1950
2130
1409
1005
970
791
860
1413
976
3851
3918
973
2616
2239
4059
303
7451
1616
2889
961
486
332
2444
164
5242
4836
4044
23511
1375
341
2307
3750
4750
924
3246
1125
4416
5526
3750
1132
6925
1522
990
4687
531
872
294
2604
377
3737
1504
1741
962
122
519
5029
95
113
1526
131
221
1757
1488
406
302
473
1156
3339
9206
1418
1711
323
437
4233
410
899
313
771
17070
1309
1843
857
754
401
721
6864
936
973
1746
365
832
638
476
554
492
332
398
329
656
613
3348
1079
6871
1517
302
3294
1517
368
1517
1517
359
1823
1516
1271
1517
329
361
1213
650
428
359
359
158
359
158
122
263
167
359
158
140
263
167
6824
281
462
1072
271
161
308
359
203
161
263
167
359
200
203
161
42838
352
167
2594
11040
18108
200
122
203
161
263
167
161
308
359
2071
308
140
627
158
122
774
848
161
876
359
9056
308
359
200
308
2787
437
359
122
359
262
474
506
1381
1468
2495
1008
1021
1099
885
371
347
3218
3114
1147
636
4681
721
1491
911
1356
3999
4182
629
311
4815
368
3256
407
713
1015
2161
224
1393
3608
1243
1664
462
1124
3411
272
584
781
3217
1582
506
1830
1539
554
815
3749
802
1754
1268
308
338
462
5255
311
7098
1297
1812
221
116
122
955
4691
3844
1114
1857
501
9694
209
347
1716
1761
1886
299
320
491
161
245
934
1079
236
342
368
359
479
239
536
1042
580
428
1209
1212
437
6872
1662
521
370
489
1016
332
1132
1243
484
4265
4683
1120
239
826
665
4067
243
423
7297
383
11022
404
1488
1556
221
1138
10960
1077
113
149
519
122
4754
3039
859
647
25909
209
508
520
404
1486
3119
3039
857
6104
6101
18480
2251
1805
4191
370
308
161
503
622
508
2892
1381
351
3062
1830
386
1583
571
260
329
584
272
578
308
617
569
964
299
620
332
323
621
407
475
303
3543
1228
359
2159
1988
452
2188
425
395
4775
3107
406
462
1924
462
1087
891
727
122
161
1271
359
122
263
167
408
759
994
407
158
308
592
386
122
203
463
161
263
308
359
835
122
203
161
263
473
10885
359
227
203
161
1270
308
10331
167
359
1070
1066
1065
2158
359
463
359
308
200
359
359
359
308
308
332
463
2711
709
401
3885
1508
486
419
719
935
406
1126
326
1669
359
562
1471
359
2071
405
735
463
308
1428
359
98
140
326
1133
1061
1129
1271
1066
1321
398
161
203
122
554
308
977
161
203
122
919
200
4537
161
203
530
200
200
359
359
474
146
186
167
263
7809
203
973
830
359
1199
748
518
572
4507
2767
359
546
167
167
146
372
1292
140
308
128
218
586
519
122
1292
962
686
590
2511
194
1532
182
245
857
963
4112
6116
1652
104
107
131
1061
1402
221
302
2204
1745
296
1993
605
476
638
362
1496
1953
785
1062
1601
1828
650
2223
5843
1001
1668
467
416
315
314
1052
332
491
2174
161
404
986
1508
245
1059
795
2983
272
428
5117
332
1052
1117
686
1232
401
479
2509
614
6873
401
428
650
359
368
1079
2643
1427
1496
233
362
377
476
605
1993
4529
302
254
2428
104
6117
1693
245
1256
1936
110
194
16431
6875
590
686
962
122
116
119
251
218
308
359
140
1292
1649
107
131
221
671
158
419
1001
416
614
404
2223
6874
614
960
2509
1117
1052
332
422
2249
161
986
1508
2509
245
1059
4092
272
5117
332
1052
1118
479
2509
614
6875
2223
1890
359
368
1079
1331
1427
122
1496
365
362
638
476
592
605
302
1993
2621
2276
963
254
1596
104
116
1626
1181
382
1691
245
119
1256
1052
1304
1518
104
914
683
961
122
332
519
637
128
308
358
140
2061
491
593
539
107
131
221
314
527
251
1322
971
347
281
6873
1668
2174
467
161
1118
1052
332
491
354
1323
1020
1508
245
1059
795
2983
272
218
342
557
532
332
1052
314
479
2509
308
614
359
5843
2223
404
416
140
1001
419
158
689
221
131
107
965
593
1036
263
161
203
122
1090
430
161
203
122
122
565
1093
899
460
460
932
2573
664
621
606
332
3950
4509
434
665
779
987
224
326
545
2099
1040
1988
376
353
1471
2407
323
462
302
197
987
224
326
545
2100
1988
376
2020
665
2407
574
463
302
197
2069
785
338
1667
714
5642
926
1022
2206
770
1110
368
392
734
1097
1028
1268
713
936
863
1214
3434
1334
845
944
1625
299
902
2637
1615
894
374
2767
1841
1898
356
1520
1025
755
1469
1311
1253
3621
1976
1940
1760
1181
788
719
839
1477
884
1646
1421
1028
1110
2398
1499
890
1610
1106
1427
566
884
2027
1390
725
623
1157
359
359
359
308
359
359
1363
1094
1859
1142
665
2149
1169
1244
830
1620
824
2678
11600
386
692
5363
1574
1421
1109
824
982
648
716
965
2384
311
10802
1291
890
2800
905
1787
470
6246
4631
128
221
706
1852
1852
3430
795
982
386
982
3051
1855
1859
1857
1871
1856
1685
498
2337
7475
7509
200
4280
2132
918
701
6592
1274
407
953
644
488
416
521
5947
572
695
602
434
761
434
602
434
434
761
434
434
2576
434
413
359
528
359
359
551
814
330
171
701
969
168
401
990
1232
3592
362
365
1123
1076
380
1457
1456
1463
1457
9261
1454
5245
308
359
974
365
558
688
8455
2438
8544
2762
2520
3410
359
359
326
1133
1066
3506
1127
1066
2547
961
5119
3150
473
209
508
200
95
518
122
1711
582
617
3471
6543
191
473
188
479
1037
612
479
338
617
614
1331
3044
1592
11218
2772
1210
3809
2726
3338
1316
1134
937
332
491
1487
1398
374
18794
248
158
488
221
131
1169
593
1354
140
194
308
128
218
251
119
116
122
962
680
446
1526
131
221
1828
1077
972
2951
3016
4124
128
281
395
400
1290
140
483
308
128
218
1455
374
987
717
2981
272
671
525
332
403
4835
1668
329
1118
1898
981
308
359
359
158
3995
11319
1214
317
2268
1335
248
813
459
1451
828
5856
721
3844
1917
3594
289
1693
245
1254
1695
110
194
1525
1048
140
509
128
95
1539
732
110
1532
1256
245
728
401
2259
1049
2062
4306
976
655
913
275
1040
366
366
366
366
1709
3037
543
608
10872
4230
1479
1955
862
2718
589
620
725
281
569
308
272
584
260
571
3218
1583
1812
1830
3063
629
4183
422
898
392
338
370
578
814
1520
1010
1809
452
1635
380
425
1547
572
224
358
304
1199
614
713
938
1687
1753
323
332
2445
452
1633
300
395
578
11091
311
554
815
797
2102
449
725
1090
2123
1843
936
937
2117
1549
1133
1066
1065
1061
6078
15234
290
655
1083
203
122
526
167
4879
11791
527
1498
323
6694
3159
2337
331
1071
455
440
437
5351
1668
1918
315
143
2082
311
1722
311
2860
1463
1295
1457
428
652
952
617
779
272
653
532
332
937
7977
1010
1014
302
4083
308
498
605
281
347
677
608
986
161
203
980
200
498
605
890
2160
1183
727
1511
1738
2047
365
362
638
543
476
605
1992
6391
1668
521
128
1289
140
359
308
4458
371
140
221
2236
1650
4774
6489
224
558
3893
1252
512
584
4401
4770
347
347
347
1066
1000
1133
326
326
347
326
347
1493
353
647
8644
460
1889
12584
854
1265
140
1255
1063
3469
437
1356
2465
4233
509
332
308
1193
540
308
161
2157
359
12261
308
2071
200
161
928
158
910
2071
308
3311
308
158
2071
5650
3244
460
8342
2133
1264
7514
736
359
306
359
359
1733
308
1157
1259
2091
2071
359
359
308
359
475
200
308
359
1327
200
101
200
22286
359
158
2787
359
359
140
122
548
359
359
308
359
359
359
60517
359
515
1445
1854
1732
1863
1871
1859
1861
1854
1868
1871
4126
6076
3094
1303
944
171
330
1381
1979
4829
281
1367
1575
937
203
2124
8743
3374
5013
5917
2095
253
1233
